 -1.5625000000000000E-004  0.0000000000000000E+000
  1.5625000000000000E-004  0.0000000000000000E+000
  4.6874999999999998E-004  0.0000000000000000E+000
  7.8125000000000004E-004  0.0000000000000000E+000
  1.0937500000000001E-003  0.0000000000000000E+000
  1.4062499999999999E-003  0.0000000000000000E+000
  1.7187500000000000E-003  0.0000000000000000E+000
  2.0312500000000001E-003  0.0000000000000000E+000
  2.3437500000000003E-003  0.0000000000000000E+000
  2.6562499999999998E-003  0.0000000000000000E+000
  2.9687500000000000E-003  0.0000000000000000E+000
  3.2812500000000003E-003  0.0000000000000000E+000
  3.5937499999999997E-003  0.0000000000000000E+000
  3.9062500000000000E-003  0.0000000000000000E+000
  4.2187500000000003E-003  0.0000000000000000E+000
  4.5312500000000006E-003  0.0000000000000000E+000
  4.8437500000000000E-003  0.0000000000000000E+000
  5.1562500000000002E-003  0.0000000000000000E+000
  5.4687499999999997E-003  0.0000000000000000E+000
  5.7812499999999999E-003  0.0000000000000000E+000
  6.0937500000000002E-003  0.0000000000000000E+000
  6.4062500000000005E-003  0.0000000000000000E+000
  6.7187499999999999E-003  0.0000000000000000E+000
  7.0312500000000002E-003  0.0000000000000000E+000
  7.3437499999999996E-003  0.0000000000000000E+000
  7.6562499999999999E-003  0.0000000000000000E+000
  7.9687500000000001E-003 -3.7825105385443668E-009
  8.2812500000000004E-003  3.2107700199105287E-008
  8.5937500000000007E-003 -1.4295093479397784E-007
  8.9062500000000010E-003  3.2274087666350647E-007
  9.2187499999999995E-003 -5.7808337627459089E-007
  9.5312499999999998E-003  7.8762867935414939E-007
  9.8437500000000001E-003 -9.2510470530284314E-007
  1.0156250000000000E-002  9.2510470512943835E-007
  1.0468750000000001E-002 -7.8762867929136191E-007
  1.0781250000000001E-002  5.7808337600753051E-007
  1.1093749999999999E-002 -3.2274087660899085E-007
  1.1406250000000000E-002  1.4295093475398576E-007
  1.1718750000000000E-002 -3.2107700199105638E-008
  1.2031250000000000E-002  3.7825105385444354E-009
  1.2343750000000001E-002  0.0000000000000000E+000
  1.2656250000000001E-002  0.0000000000000000E+000
  1.2968750000000001E-002  0.0000000000000000E+000
  1.3281250000000000E-002  0.0000000000000000E+000
  1.3593750000000000E-002  0.0000000000000000E+000
  1.3906250000000000E-002  0.0000000000000000E+000
  1.4218750000000000E-002  0.0000000000000000E+000
  1.4531250000000001E-002  0.0000000000000000E+000
  1.4843749999999999E-002  0.0000000000000000E+000
  1.5156250000000000E-002  0.0000000000000000E+000
  1.5468750000000000E-002  0.0000000000000000E+000
  1.5781250000000000E-002  0.0000000000000000E+000
  1.6093750000000000E-002  0.0000000000000000E+000
  1.6406250000000001E-002  0.0000000000000000E+000
  1.6718750000000001E-002  0.0000000000000000E+000
  1.7031250000000001E-002  0.0000000000000000E+000
  1.7343750000000002E-002  0.0000000000000000E+000
  1.7656250000000002E-002  0.0000000000000000E+000
  1.7968749999999999E-002  0.0000000000000000E+000
  1.8281249999999999E-002  0.0000000000000000E+000
  1.8593749999999999E-002  0.0000000000000000E+000
  1.8906249999999999E-002  0.0000000000000000E+000
  1.9218750000000000E-002  0.0000000000000000E+000
  1.9531250000000000E-002  0.0000000000000000E+000
  1.9843750000000000E-002  0.0000000000000000E+000
  2.0156250000000001E-002  0.0000000000000000E+000
