 -1.5625000000000000E-004 -7.8137207031250014E-005
  1.5625000000000000E-004  7.8112792968750003E-005
  4.6874999999999998E-004  2.3426513671874998E-004
  7.8125000000000004E-004  3.9031982421875003E-004
  1.0937500000000001E-003  5.4627685546875004E-004
  1.4062499999999999E-003  7.0213623046874989E-004
  1.7187500000000000E-003  8.5789794921874998E-004
  2.0312500000000001E-003  1.0135620117187501E-003
  2.3437500000000003E-003  1.1691284179687503E-003
  2.6562499999999998E-003  1.3245971679687499E-003
  2.9687500000000000E-003  1.4799682617187501E-003
  3.2812500000000003E-003  1.6352416992187501E-003
  3.5937499999999997E-003  1.7904174804687499E-003
  3.9062500000000000E-003  1.9454956054687500E-003
  4.2187500000000003E-003  2.1004760742187501E-003
  4.5312500000000006E-003  2.2553588867187504E-003
  4.8437500000000000E-003  2.4101440429687500E-003
  5.1562500000000002E-003  2.5648315429687503E-003
  5.4687499999999997E-003  2.7194213867187500E-003
  5.7812499999999999E-003  2.8739135742187499E-003
  6.0937500000000002E-003  3.0283081054687500E-003
  6.4062500000000005E-003  3.1826049804687504E-003
  6.7187499999999999E-003  3.3368041992187501E-003
  7.0312500000000002E-003  3.4909057617187500E-003
  7.3437499999999996E-003  3.6449096679687498E-003
  7.6562499999999999E-003  3.7988159179687497E-003
  7.9687500000000001E-003  3.9526245117187499E-003
  8.2812500000000004E-003  4.1063354492187499E-003
  8.5937500000000007E-003  4.2599487304687501E-003
  8.9062500000000010E-003  4.4134643554687505E-003
  9.2187499999999995E-003  4.5668823242187495E-003
  9.5312499999999998E-003  4.7202026367187504E-003
  9.8437500000000001E-003  4.8734252929687498E-003
  1.0156250000000000E-002  5.0265502929687502E-003
  1.0468750000000001E-002  5.1795776367187501E-003
  1.0781250000000001E-002  5.3325073242187510E-003
  1.1093749999999999E-002  5.4853393554687496E-003
  1.1406250000000000E-002  5.6380737304687501E-003
  1.1718750000000000E-002  5.7907104492187500E-003
  1.2031250000000000E-002  5.9432495117187501E-003
  1.2343750000000001E-002  6.0956909179687505E-003
  1.2656250000000001E-002  6.2480346679687502E-003
  1.2968750000000001E-002  6.4002807617187510E-003
  1.3281250000000000E-002  6.5524291992187494E-003
  1.3593750000000000E-002  6.7044799804687506E-003
  1.3906250000000000E-002  6.8564331054687504E-003
  1.4218750000000000E-002  7.0082885742187503E-003
  1.4531250000000001E-002  7.1600463867187505E-003
  1.4843749999999999E-002  7.3117065429687492E-003
  1.5156250000000000E-002  7.4632690429687499E-003
  1.5468750000000000E-002  7.6147338867187499E-003
  1.5781250000000000E-002  7.7661010742187501E-003
  1.6093750000000000E-002  7.9173706054687498E-003
  1.6406250000000001E-002  8.0685424804687513E-003
  1.6718750000000001E-002  8.2196166992187496E-003
  1.7031250000000001E-002  8.3705932617187499E-003
  1.7343750000000002E-002  8.5214721679687504E-003
  1.7656250000000002E-002  8.6722534179687512E-003
  1.7968749999999999E-002  8.8229370117187487E-003
  1.8281249999999999E-002  8.9735229492187499E-003
  1.8593749999999999E-002  9.1240112304687496E-003
  1.8906249999999999E-002  9.2744018554687495E-003
  1.9218750000000000E-002  9.4246948242187496E-003
  1.9531250000000000E-002  9.5748901367187500E-003
  1.9843750000000000E-002  9.7249877929687489E-003
  2.0156250000000001E-002  9.8749877929687497E-003
